369217.00,-80614.00,-10904.00,34.00,1.00
415154.00,-85362.00,-9693.00,34.00,0.00
460188.00,-89282.00,-7673.00,34.00,0.00
504066.00,-92300.00,-6058.00,35.00,0.00
547261.00,-94482.00,-4038.00,35.00,0.00
594873.00,-96310.00,-3634.00,35.00,0.00
640308.00,-97411.00,-1211.00,32.00,0.00
684456.00,-104514.00,-30694.00,28.00,0.00
725759.00,-127776.00,-71890.00,26.00,0.00
757404.00,-160736.00,-89256.00,26.00,0.00
782585.00,-196797.00,-102988.00,27.00,0.00
805863.00,-239766.00,-111874.00,27.00,0.00
824904.00,-281302.00,-116316.00,29.00,0.00
842369.00,-322200.00,-117124.00,31.00,0.00
861875.00,-365672.00,-112681.00,32.00,0.00
882548.00,-404770.00,-104200.00,33.00,0.00
905116.00,-443937.00,-105412.00,34.00,0.00
929671.00,-486754.00,-104604.00,35.00,0.00
952013.00,-524639.00,-102988.00,36.00,0.00
976845.00,-560049.00,-88853.00,36.00,0.00
1005894.00,-594364.00,-84814.00,37.00,0.00
1040776.00,-630991.00,-77140.00,36.00,0.00
1073402.00,-660487.00,-69870.00,36.00,0.00
1107078.00,-688777.00,-69870.00,35.00,0.00
1144752.00,-723254.00,-78352.00,35.00,0.00
1175469.00,-753002.00,-75525.00,35.00,0.00
1207614.00,-783022.00,-74717.00,35.00,0.00
1245436.00,-818774.00,-76736.00,35.00,0.00
1277669.00,-850117.00,-77544.00,34.00,0.00
1305412.00,-883296.00,-97334.00,29.00,0.00
1324560.00,-932479.00,-142568.00,26.00,0.00
1326318.00,-978627.00,-163974.00,26.00,0.00
1320178.00,-1021685.00,-178514.00,27.00,0.00
1306093.00,-1072803.00,-189418.00,28.00,0.00
1291311.00,-1116038.00,-190630.00,30.00,0.00
1277680.00,-1158112.00,-186187.00,31.00,0.00
1265687.00,-1199665.00,-184168.00,32.00,0.00
1252936.00,-1251636.00,-178110.00,34.00,0.00
1243669.00,-1296379.00,-176898.00,34.00,0.00
1235441.00,-1340082.00,-174475.00,35.00,0.00
1229259.00,-1392497.00,-163166.00,36.00,0.00
1227892.00,-1437192.00,-157108.00,36.00,0.00
1229262.00,-1482864.00,-151050.00,36.00,0.00
1234630.00,-1537088.00,-143376.00,36.00,0.00
1241041.00,-1580353.00,-141357.00,35.00,0.00
1246404.00,-1624500.00,-148627.00,35.00,0.00
1250565.00,-1680300.00,-150646.00,35.00,0.00
1254261.00,-1722901.00,-146203.00,35.00,0.00
1258347.00,-1765957.00,-149030.00,35.00,0.00
1262886.00,-1823688.00,-149434.00,35.00,0.00
1266625.00,-1866776.00,-147415.00,35.00,0.00
1271751.00,-1908982.00,-142568.00,36.00,0.00
1277638.00,-1952322.00,-144588.00,35.00,0.00
1285665.00,-2009673.00,-141761.00,35.00,0.00
1288679.00,-2031210.00,-144588.00,35.00,2.00
1277147.00,-1937846.00,-144992.00,35.00,0.00
1326973.00,-1865650.00,-289984.00,32.00,0.00
1314170.00,-1867597.00,-308158.00,25.00,0.00
1268499.00,-1866187.00,-326333.00,25.00,0.00
1224575.00,-1857813.00,-339661.00,26.00,0.00
1169785.00,-1839062.00,-354604.00,27.00,0.00
1128264.00,-1821189.00,-355008.00,29.00,0.00
1087692.00,-1804209.00,-352585.00,30.00,0.00
1046485.00,-1789546.00,-344103.00,32.00,0.00
990078.00,-1771003.00,-347738.00,32.00,0.00
948520.00,-1758173.00,-340469.00,34.00,0.00
904924.00,-1747183.00,-337238.00,35.00,0.00
847253.00,-1734122.00,-335622.00,35.00,0.00
803507.00,-1724863.00,-334410.00,35.00,0.00
760379.00,-1719233.00,-319871.00,36.00,0.00
699354.00,-1716485.00,-317448.00,35.00,0.00
656690.00,-1713613.00,-324313.00,36.00,0.00
611927.00,-1709416.00,-322698.00,35.00,0.00
551086.00,-1709013.00,-306947.00,35.00,0.00
508597.00,-1710533.00,-314216.00,35.00,0.00
464371.00,-1710418.00,-314620.00,35.00,0.00
402371.00,-1704227.00,-333603.00,35.00,0.00
360512.00,-1698332.00,-322698.00,36.00,0.00
316822.00,-1696276.00,-315024.00,36.00,0.00
272107.00,-1696160.00,-313813.00,35.00,0.00
210663.00,-1692148.00,-327544.00,37.00,0.00
167062.00,-1688682.00,-316640.00,37.00,0.00
123832.00,-1689967.00,-305735.00,37.00,0.00
60343.00,-1698181.00,-296850.00,36.00,0.00
15941.00,-1703470.00,-307754.00,35.00,0.00
-25527.00,-1708580.00,-296042.00,35.00,0.00
-88464.00,-1717240.00,-304927.00,35.00,0.00
-132981.00,-1721452.00,-304523.00,35.00,0.00
-154127.00,-1723626.00,-303312.00,35.00,2.00
-62158.00,-1715111.00,-306543.00,35.00,0.00
7911.00,-1768693.00,-452343.00,31.00,0.00
6645.00,-1755559.00,-470921.00,25.00,0.00
9253.00,-1710186.00,-483037.00,25.00,0.00
17505.00,-1666487.00,-496769.00,26.00,0.00
40435.00,-1604106.00,-516155.00,27.00,0.00
59443.00,-1563632.00,-514136.00,30.00,0.00
76748.00,-1523463.00,-509693.00,31.00,0.00
92752.00,-1482495.00,-507270.00,32.00,0.00
111744.00,-1418295.00,-492730.00,32.00,0.00
120676.00,-1375728.00,-491115.00,33.00,0.00
128620.00,-1332221.00,-487480.00,33.00,0.00
138912.00,-1266066.00,-485865.00,34.00,0.00
145464.00,-1221586.00,-485865.00,35.00,0.00
151347.00,-1177999.00,-483441.00,34.00,0.00
159391.00,-1111287.00,-483037.00,35.00,0.00
164745.00,-1066893.00,-483441.00,35.00,0.00
169980.00,-1022732.00,-482633.00,36.00,0.00
185576.00,-957623.00,-506866.00,37.00,0.00
198019.00,-914928.00,-492327.00,37.00,0.00
204906.00,-871241.00,-481422.00,38.00,0.00
208430.00,-802670.00,-471325.00,37.00,0.00
206459.00,-759466.00,-462036.00,37.00,0.00
201244.00,-714809.00,-457189.00,37.00,0.00
194463.00,-670117.00,-455170.00,36.00,0.00
183789.00,-602538.00,-455978.00,34.00,0.00
177331.00,-558785.00,-457189.00,34.00,0.00
171035.00,-514268.00,-457189.00,33.00,0.00
160560.00,-446164.00,-454766.00,33.00,0.00
155515.00,-402964.00,-464459.00,32.00,0.00
153699.00,-359263.00,-469709.00,32.00,0.00
150957.00,-289923.00,-464863.00,33.00,0.00
150225.00,-247658.00,-474152.00,33.00,0.00
150809.00,-202702.00,-470921.00,32.00,0.00
137311.00,-133637.00,-432956.00,33.00,0.00
123209.00,-92235.00,-443861.00,31.00,0.00
114006.00,-49726.00,-455978.00,31.00,0.00
107315.00,22780.00,-468094.00,31.00,0.00
107265.00,66030.00,-474152.00,31.00,0.00
108923.00,108269.00,-476171.00,32.00,0.00
111939.00,152882.00,-479806.00,32.00,0.00
115947.00,193736.00,-482230.00,34.00,2.00
105870.00,100696.00,-481826.00,34.00,0.00
42285.00,41693.00,-625202.00,33.00,0.00
65184.00,39906.00,-647012.00,30.00,0.00
107163.00,25228.00,-676899.00,27.00,0.00
142287.00,414.00,-702747.00,26.00,0.00
191240.00,-58028.00,-728595.00,26.00,0.00
213290.00,-95517.00,-735865.00,27.00,0.00
232747.00,-134689.00,-742731.00,28.00,0.00
261131.00,-205708.00,-752020.00,30.00,0.00
279974.00,-263815.00,-756059.00,31.00,1.00
316790.00,-353299.00,-736673.00,35.00,1.00
