rows: 336
2931,-32,-2484
13663,-645,-9111
26985,-2396,-16151
42347,-5316,-20293
58198,-8279,-16151
74424,-10431,-9939
91243,-11565,-3727
108827,-12148,-3727
126642,-13022,-6626
144905,-14528,-9525
162923,-16033,-6212
179283,-16559,0
195885,-15982,7454
213373,-14091,14080
230954,-11090,19464
249053,-6942,25262
267161,-1842,28990
285102,3821,32717
302059,10092,38515
317892,17174,45556
333404,25466,52182
348867,34838,55495
364910,44665,54253
380146,53941,56323
394338,63483,62121
407911,73886,68748
421818,85819,72475
435761,98085,71647
449696,110358,74132
462129,122454,80344
473571,135163,86970
484992,148864,87384
496626,162384,84485
508549,175651,84899
519547,188749,89869
529652,202242,96081
539111,216781,103122
547375,231752,110576
554430,247060,117617
560522,263300,124657
565358,279703,132112
568967,296418,139567
571329,313601,147435
572338,330671,154890
571984,347768,163173
570286,364538,171042
567187,381354,179324
562724,399128,183052
558010,416837,183466
553031,433709,188436
547167,450033,194648
540447,465492,201688
532471,480619,209143
523263,495317,217012
512884,509519,223638
501107,523875,227780
488586,538244,229436
475875,552114,233163
463189,564651,239376
449448,576772,244760
435009,588449,247245
419965,600150,248901
404847,611349,252629
390149,621011,259255
375062,629570,265467
358544,638056,267124
341860,646752,265053
325135,655890,263396
308660,664976,264639
293004,672998,269608
276706,680242,274992
260027,686558,280376
242193,692554,282447
224134,698644,280790
206127,704888,281619
188896,710364,285760
170971,715215,289073
152747,719893,288659
134107,724907,287417
115709,729883,288245
97896,734182,292801
80129,737533,297770
61548,740489,298185
43005,743670,296114
24048,747312,294871
6023,750613,297770
-12105,753286,300670
-31230,755906,300255
-50076,758750,298599
-68906,761689,299427
-86846,763936,304397
-104151,765135,308952
-122452,766094,307710
-140723,767507,305639
-158274,768710,309781
-175129,768988,315165
-191968,768198,322205
-210197,766330,325932
-228644,764194,325932
-246317,761792,330488
-263094,758478,337114
-279367,754080,344155
-296737,748242,347882
-314256,742084,347882
-331462,735777,351610
-347400,728933,357822
-362421,721284,364862
-377069,712460,372317
-391018,702569,379772
-404570,691355,386398
-418072,678965,390125
-431063,666042,395509
-442541,653038,402550
-452871,639410,410004
-462169,625059,417459
-470598,609620,424914
-478564,592847,428227
-486237,575936,429055
-492992,559694,434853
-498681,543307,441065
-503292,526585,447278
-507444,508736,448520
-511760,490675,446864
-515985,473094,449348
-519309,455572,455561
-521406,438845,461773
-522577,421048,466329
-523478,402989,465500
-524509,384692,466743
-524889,367350,472127
-524247,350260,477925
-522534,332261,482066
-520516,314047,481652
-518494,296079,484137
-515748,278457,489521
-512184,262231,496147
-507367,245823,503602
-501352,229815,511057
-494116,214052,518097
-485637,198641,524724
-476102,183860,532178
-465643,170024,540047
-454318,157212,547502
-441687,144972,554956
-428087,133435,561168
-413126,122028,564896
-397947,110911,564482
-382842,99693,564896
-368365,89700,570694
-353918,81016,577734
-338911,73338,583947
-322543,65656,583947
-306532,57795,581048
-290253,49378,581462
-275056,42080,586018
-259692,35763,592644
-242824,29967,596371
-225708,24137,593886
-208788,17765,590573
-192215,11170,591816
-176534,5681,597614
-160765,1296,604654
-143790,-2278,609210
-126285,-5701,607967
-108392,-9661,605897
-91423,-13266,609624
-74770,-15883,615836
-57045,-17875,617907
-39085,-19961,615422
-20952,-22608,612523
-3549,-25184,615836
13230,-26802,622049
30318,-27505,625362
48385,-28230,622877
66417,-29554,618735
84643,-31464,618321
101453,-32732,623705
118553,-33041,628675
136390,-32969,628261
154958,-33222,625776
172792,-33498,628675
189640,-32931,634887
206417,-31292,641100
223783,-28491,647726
241916,-24491,651867
260161,-19900,653938
277554,-14962,658908
293901,-9162,665948
309355,-2433,672989
325168,5813,679201
340945,14647,679201
357235,23563,678373
372535,32244,682514
386718,41356,688727
400681,51647,694939
414411,63032,699494
428423,75218,699494
442447,87391,701151
455107,99249,706535
466809,111719,713161
478375,124976,713161
490313,138229,710262
502611,151148,709848
514221,164037,714404
524806,177157,720616
534378,190735,727242
543245,205357,734697
550919,220365,741738
557571,236118,749192
563143,252544,756233
567432,269098,763687
570471,286175,771556
572129,302949,779425
572460,319801,787294
571408,336868,795577
569018,353306,803860
565180,370472,810486
560580,388211,810900
555867,406173,812557
550782,422757,817941
544787,438773,824567
537729,454349,831193
529602,469396,838648
520624,483372,846103
510175,497216,853972
498420,510953,858113
485690,524806,861012
472385,538452,864326
458755,551420,868053
444621,563836,872608
430180,575510,876750
415042,586680,881306
399581,596962,886275
383493,606717,889174
367023,616308,890003
350377,626080,888760
333995,635821,889589
317417,645223,892902
301544,653356,897457
285476,660516,903255
267968,667402,906155
250411,674165,904912
232692,681187,904912
215746,687491,909053
198751,692900,913609
180661,698071,914851
162613,703386,912781
144407,709023,912781
126799,714097,916508
109449,718232,921063
91027,722057,922306
72611,725909,921063
54258,730048,919821
35429,734302,921063
17216,737920,924377
-1347,740982,927276
-20426,743913,926862
-39241,746955,926033
-57812,749967,927276
-76221,752403,931417
-94467,754104,934316
-113457,755720,932659
-131929,757633,932659
-149470,758960,937629
-166324,759277,943841
-183651,758456,950054
-201676,757028,950054
-219954,755709,950468
-237207,753909,955852
-253592,751172,962478
-269988,747258,969519
-287016,741954,974903
-304619,736037,974903
-321940,730055,977802
-338259,723492,984428
-353447,716177,990640
-368065,707785,998509
-382210,698175,1005964
-396036,687300,1011762
-410300,675031,1014661
-423864,662711,1019217
-436138,650111,1025843
-446838,637404,1033298
-456676,623718,1041167
-465408,609300,1049036
-473153,594054,1056491
-480306,577448,1059804
-487526,560074,1060218
-494053,543475,1064774
-499589,526779,1070572
-504099,509776,1076370
-508113,491645,1078855
-512003,473237,1078440
-515591,455267,1082168
-518071,438346,1087966
-519706,420585,1091693
-521236,401832,1090451
-522970,383589,1090865
-524096,365789,1096249
-524154,348932,1102461
-523087,331864,1109087
-520913,313668,1112815
-518474,295259,1112815
-515883,277859,1116956
-512363,260874,1123168
-507878,244625,1130209
-502161,228508,1136835
-495172,212367,1144290
-487145,196991,1151331
-478116,182469,1158786
-467843,168494,1166654
-456851,155715,1174523
-444593,143444,1181564
-431032,131487,1186534
-416414,119644,1190261
-401250,108099,1192746
-386168,97267,1196887
-371333,87814,1203514
-355747,79144,1207241
-340079,70618,1205999
-324198,61474,1203928
-309273,53122,1208069
-294155,45662,1213453
-278210,38830,1218009
-261019,31806,1217180
-243923,24555,1216352
-227207,17665,1219665
-211060,12032,1226292
-194404,7182,1229191
-177546,2153,1225878
-160842,-3367,1225049
-144936,-8165,1230019
-129243,-11869,1236645
-112149,-14818,1241201
-94046,-17671,1239959
-76015,-20943,1237888
